num	Точка сбора	Высота генеративного побега	Длина первого листа	Ширина первого листа	Длина второго листа	Ширина второго листа	Длина внешнего околоцветника	Ширина внешнего околоцветника	Длина внутреннего околоцветника	Ширина внутреннего околоцветника	Высота тычинки	Высота пестика
1	Г	4.500	8.400	1.000	7.600	0.600	1.900	0.700	2.000	1.000	1.200	1.000
2	Г	4.200	7.400	0.900	7.000	0.600	2.400	0.800	2.300	1.100	1.300	1.200
3	Г	5.800	10.200	1.100	9.300	0.700	2.900	0.800	2.900	1.100	1.900	1.300
4	Г	4.700	8.500	1.100	7.600	0.900	2.200	0.700	2.300	1.100	1.600	1.400
5	Г	4.300	7.700	1.200	7.900	0.700	2.500	0.800	2.400	1.200	1.300	1.200
6	Г	6.000	8.500	1.000	8.000	0.600	2.300	0.700	2.700	1.000	1.600	1.400
7	Г	2.700	8.500	0.900	7.000	0.700	2.300	0.600	2.400	1.000	1.800	1.200
8	Г	4.100	7.000	0.600	5.800	0.500	2.000	0.500	2.100	0.700	1.300	0.800
9	Г	6.100	8.500	0.800	8.000	0.600	2.100	0.600	2.200	0.900	1.300	0.900
10	Г	6.800	11.000	1.100	10.000	0.700	2.700	0.900	2.800	1.600	1.700	1.600
11	Г	4.600	8.500	1.000	8.200	0.600	2.100	0.700	1.900	1.000	1.100	0.600
12	Г	4.000	8.500	0.600	7.100	0.400	1.900	0.500	2.000	0.800	1.300	1.000
13	Г	4.300	7.800	0.900	7.600	0.700	1.800	0.600	1.900	0.800	1.400	1.200
14	Г	5.000	8.400	0.700	8.300	0.500	2.400	0.700	2.200	0.900	1.300	0.700
15	Г	5.300	10.300	1.100	8.700	0.700	1.900	0.600	2.000	0.700	1.200	0.800
16	И	12.500	14.200	1.700	11.700	0.900	2.500	0.500	2.434	0.552	1.600	1.503
17	И	14.800	12.500	1.100	12.000	0.700	2.700	0.400	2.498	0.441	1.400	1.476
18	И	13.800	12.300	1.000	12.000	0.800	2.300	0.400	2.178	0.487	1.600	1.211
19	И	7.500	11.300	1.000	10.800	0.700	1.800	0.300	1.649	0.371	1.100	0.827
20	И	9.000	12.500	1.600	11.600	0.900	2.300	0.500	2.232	0.617	1.800	1.150
21	И	6.400	14.200	1.700	12.700	0.800	1.900	0.400	1.886	0.520	1.900	0.789
22	И	8.500	14.700	1.700	11.400	0.900	2.300	0.600	2.313	0.752	1.600	1.326
23	И	7.500	12.000	1.600	11.200	0.900	2.200	0.500	2.000	0.700	1.900	1.205
24	И	7.000	11.500	1.100	9.200	0.800	2.400	0.600	2.343	0.781	1.300	1.358
25	И	6.500	10.000	1.100	9.600	0.700	1.900	0.500	1.838	0.683	1.200	0.953
26	И	9.000	12.600	1.700	12.000	1.100	2.500	0.700	2.335	0.877	1.200	1.311
27	И	12.300	14.000	1.100	12.300	0.900	2.400	0.700	2.347	0.948	1.300	1.352
28	И	9.200	11.300	1.000	10.500	0.800	2.000	0.500	1.934	0.669	1.300	1.056
29	И	6.000	10.300	1.300	10.000	0.700	2.000	0.400	1.866	0.498	1.200	0.950
30	И	12.300	12.500	1.000	12.000	0.700	2.400	0.500	2.264	0.652	1.300	1.246
31	Л	4.000	11.200	1.300	10.500	0.800	2.000	0.400	1.866	0.446	1.200	0.500
32	Л	12.500	13.000	1.100	11.800	0.700	3.000	0.724	2.949	1.138	1.600	1.638
33	Л	8.000	15.000	1.500	14.500	0.900	2.500	0.600	2.400	0.400	1.600	1.100
34	Л	15.000	18.500	1.900	17.000	1.100	3.000	1.000	2.900	1.000	1.600	1.400
35	Л	6.800	11.000	1.100	10.700	0.700	2.200	0.600	2.050	0.821	0.800	1.200
36	Л	5.500	10.500	1.100	9.500	0.700	2.200	0.600	2.400	0.893	1.200	1.232
37	Л	5.500	10.400	0.900	9.000	0.600	2.000	0.600	2.000	0.862	1.200	1.069
38	Л	5.400	11.000	1.000	10.500	0.600	2.500	0.600	2.386	0.852	1.400	1.114
39	Л	6.000	11.000	1.200	9.500	0.700	2.500	0.600	2.400	0.759	1.500	1.100
40	Л	6.300	11.000	0.900	9.800	0.600	2.000	0.500	1.900	0.691	1.400	1.029
41	Л	4.000	9.000	1.100	8.000	0.600	2.000	0.500	1.940	0.673	1.100	1.044
42	Л	4.000	10.500	1.000	9.000	0.500	1.800	0.500	1.858	0.743	1.500	0.857
43	Л	7.500	14.000	1.200	11.000	0.700	2.500	0.700	2.600	0.900	1.500	1.200
44	Л	5.500	10.300	1.100	9.000	0.800	2.100	0.600	2.000	0.800	1.500	1.200
45	Л	10.800	14.500	1.400	14.000	0.900	3.000	0.800	2.900	1.100	1.700	1.500
46	Л	8.000	10.500	1.200	10.200	0.700	2.400	0.800	2.500	1.100	1.700	1.300
47	Л	8.000	11.000	1.300	10.500	0.800	2.500	0.700	2.400	0.900	1.600	1.300
48	Л	5.500	12.700	1.300	11.400	1.000	2.400	0.800	2.300	1.100	1.600	1.400
49	Л	3.000	12.000	1.200	10.500	0.900	1.900	0.700	1.800	0.900	1.100	0.600
50	Л	7.000	11.500	1.800	11.400	1.100	2.500	0.800	2.300	1.200	1.500	1.200
51	Л	10.000	12.500	1.600	12.100	1.000	2.400	0.900	2.400	1.300	1.400	1.300
52	Л	5.500	13.200	1.400	12.400	0.900	2.400	0.800	2.300	1.100	1.300	0.800
53	Л	9.000	10.500	1.100	9.300	0.700	2.300	0.700	2.200	0.900	1.500	1.300
54	Л	11.000	15.500	1.200	14.000	0.800	2.300	0.800	2.300	1.800	1.400	1.200
55	Л	11.000	17.000	1.300	16.200	0.800	2.900	0.700	2.800	1.200	1.500	0.900
56	О	6.200	9.400	0.700	8.800	0.600	2.200	0.600	2.100	0.900	0.700	1.400
57	О	9.300	12.700	1.200	11.700	0.900	2.900	0.700	2.800	1.100	1.000	1.300
58	О	9.200	12.300	0.900	11.500	0.700	2.900	0.700	2.700	0.800	1.900	2.000
59	О	6.000	10.000	1.000	9.400	0.700	2.100	0.600	2.000	0.900	1.000	1.300
60	О	5.600	9.200	0.700	8.200	0.400	2.300	0.600	2.300	0.700	1.100	1.200
61	О	2.600	9.500	0.700	8.800	0.500	1.900	0.500	1.800	0.700	0.700	1.300
62	О	5.000	10.300	1.300	8.500	0.800	2.100	0.700	2.100	0.800	0.900	1.600
63	О	3.800	10.500	1.700	10.000	0.500	2.000	0.500	1.900	0.800	0.800	1.200
64	О	4.700	10.000	0.600	8.500	0.400	2.100	0.600	1.900	0.800	0.800	1.100
65	О	6.200	11.000	0.800	9.200	0.500	2.500	0.600	2.300	0.900	1.000	1.400
66	О	6.000	12.300	1.000	11.400	0.600	2.300	0.700	2.300	1.100	0.700	1.300
67	О	4.300	10.000	1.200	8.600	0.700	2.300	0.600	2.200	1.000	1.200	1.500
68	О	5.000	11.500	1.100	10.500	0.700	2.500	0.800	2.300	1.000	0.600	1.100
69	О	7.000	10.400	0.800	8.800	0.500	2.400	0.600	2.200	0.800	1.000	1.300
70	О	7.000	9.500	1.100	8.700	0.700	2.100	0.700	2.100	0.800	1.000	1.200
71	Х	7.400	12.200	1.200	10.900	0.800	1.900	0.600	1.895	0.840	1.300	0.977
72	Х	8.300	13.300	1.200	11.900	0.800	2.000	0.600	1.954	0.835	1.200	1.005
73	Х	6.200	8.900	0.900	7.900	0.600	2.000	0.516	2.027	0.876	1.300	1.122
74	Х	10.000	15.600	1.100	14.000	0.800	2.400	0.600	2.307	0.843	1.500	1.089
75	Х	7.000	12.100	1.200	10.400	0.900	2.000	0.500	1.916	0.639	1.200	1.059
76	Х	5.000	9.500	0.800	8.500	0.600	2.000	0.500	1.972	0.685	1.200	0.900
77	Х	6.000	7.600	0.600	6.800	0.500	1.900	0.400	1.889	0.513	1.100	0.900
78	Х	12.000	9.300	0.900	9.000	0.800	2.200	0.500	2.121	0.625	1.300	1.333
79	Х	9.700	8.700	1.200	7.700	0.800	2.200	0.600	2.206	0.763	1.400	1.414
80	Х	5.000	9.000	0.800	8.000	0.600	1.800	0.400	1.740	0.543	1.100	0.937
81	Х	7.500	11.200	1.000	10.000	0.600	2.400	0.500	2.293	0.664	1.300	1.219
82	Х	7.500	12.000	1.000	11.200	0.600	1.900	0.600	1.891	0.886	1.200	0.906
83	Х	5.700	9.000	0.600	8.000	0.500	1.900	0.500	1.800	0.705	1.200	1.028
84	Х	5.300	9.000	0.800	7.500	0.600	1.700	0.400	1.685	0.540	1.100	0.967
85	Х	6.800	12.000	1.200	10.000	0.600	1.900	0.400	1.800	0.495	1.100	1.119
86	Б	5.622	9.300	1.100	8.800	0.700	2.168	0.611	2.212	0.959	1.286	1.147
87	Б	6.931	11.500	1.200	10.000	0.800	2.243	0.625	2.273	0.970	1.377	1.220
88	Б	6.700	11.500	1.400	9.500	1.000	2.222	0.674	2.271	1.000	1.519	1.271
89	Б	7.041	10.800	1.000	10.000	0.700	2.260	0.610	2.296	0.981	1.286	1.170
90	Б	6.002	11.000	1.000	9.200	0.600	2.139	0.557	2.157	0.882	1.242	1.193
91	Б	5.783	12.500	1.200	9.000	0.700	2.074	0.552	2.080	0.825	1.350	1.286
92	Б	3.500	9.200	1.000	7.500	0.600	1.978	0.564	1.996	0.838	1.205	1.120
93	Б	4.500	9.500	1.100	8.500	0.800	2.098	0.649	2.163	0.958	1.303	1.131
94	Б	6.647	10.000	1.100	9.500	0.800	2.248	0.644	2.301	1.015	1.346	1.168
95	Б	1.500	10.500	1.300	9.500	0.900	2.039	0.726	1.967	0.913	1.270	0.901
96	Б	6.726	11.000	1.400	10.000	0.900	2.266	0.664	2.301	1.009	1.446	1.216
97	Б	5.300	11.000	1.000	11.200	0.700	2.272	0.668	2.252	0.995	1.182	0.975
98	Б	6.016	10.000	0.900	9.000	0.600	2.160	0.573	2.197	0.924	1.217	1.153
99	Б	6.800	15.000	1.200	13.500	0.900	2.383	0.714	2.344	1.018	1.323	1.075
100	Б	11.913	16.200	1.500	15.000	1.100	2.686	0.737	2.688	1.169	1.598	1.305
